{
  "initial_pose": [
    {
      "affine": [
        [
          0.999563,
          0.0249286,
          0.0159661,
          -0.0733413
        ],
        [
          -0.0249705,
          0.999687,
          0.00242675,
          0.217972
        ],
        [
          -0.0159005,
          -0.00282438,
          0.999872,
          -0.11326
        ],
        [
          0,
          0,
          0,
          1
        ]
      ],
      "filename": "scan-20140827-12-57-gakusei-small/points.ply",
      "scan_id": "scan-20140827-12:57-gakusei-small"
    },
    {
      "affine": [
        [
          0.99973,
          0.0186244,
          0.014005,
          -0.0594487
        ],
        [
          -0.0186199,
          0.999828,
          -0.000447438,
          0.216928
        ],
        [
          -0.0140108,
          0.000186562,
          0.999903,
          -0.10616
        ],
        [
          0,
          0,
          0,
          1
        ]
      ],
      "filename": "scan-20140827-13-05-gakusei-small/points.ply",
      "scan_id": "scan-20140827-13:05-gakusei-small"
    },
    {
      "affine": [
        [
          0.998641,
          -0.0514322,
          -0.00867261,
          -2.12118
        ],
        [
          0.0513655,
          0.998652,
          -0.00774142,
          0.38857
        ],
        [
          0.00905905,
          0.00728542,
          0.999935,
          -0.0893762
        ],
        [
          0,
          0,
          0,
          1
        ]
      ],
      "filename": "scan-20140827-13-11-gakusei-small/points.ply",
      "scan_id": "scan-20140827-13:11-gakusei-small"
    },
    {
      "affine": [
        [
          0.0147337,
          -0.997486,
          -0.0693611,
          -3.99033
        ],
        [
          0.999847,
          0.0153695,
          -0.00864228,
          -0.0801619
        ],
        [
          0.00968659,
          -0.0692229,
          0.997556,
          -0.348101
        ],
        [
          0,
          0,
          0,
          1
        ]
      ],
      "filename": "scan-20140827-13-15-gakusei-small/points.ply",
      "scan_id": "scan-20140827-13:15-gakusei-small"
    },
    {
      "affine": [
        [
          -0.998503,
          -0.037443,
          0.0398849,
          -3.25647
        ],
        [
          0.0369127,
          -0.999221,
          -0.0139502,
          -2.02605
        ],
        [
          0.0403762,
          -0.012457,
          0.999108,
          -0.0888517
        ],
        [
          0,
          0,
          0,
          1
        ]
      ],
      "filename": "scan-20140827-13-18-gakusei-small/points.ply",
      "scan_id": "scan-20140827-13:18-gakusei-small"
    },
    {
      "affine": [
        [
          0.401534,
          -0.91547,
          -0.0262317,
          -4.97873
        ],
        [
          0.915836,
          0.401233,
          0.0160914,
          -0.551315
        ],
        [
          -0.00420615,
          -0.0304851,
          0.999527,
          0.302586
        ],
        [
          0,
          0,
          0,
          1
        ]
      ],
      "filename": "scan-20140827-13-23-gakusei-small/points.ply",
      "scan_id": "scan-20140827-13:23-gakusei-small"
    },
    {
      "affine": [
        [
          0.631821,
          0.775116,
          -0.00119899,
          -0.328553
        ],
        [
          -0.77507,
          0.631765,
          -0.0118576,
          -0.89299
        ],
        [
          -0.00843351,
          0.00842118,
          0.999931,
          -0.113568
        ],
        [
          0,
          0,
          0,
          1
        ]
      ],
      "filename": "scan-20140827-13-26-gakusei-small/points.ply",
      "scan_id": "scan-20140827-13:26-gakusei-small"
    },
    {
      "affine": [
        [
          -0.942163,
          -0.334686,
          0.0178231,
          0.0210558
        ],
        [
          0.334997,
          -0.942031,
          0.0189024,
          -2.18984
        ],
        [
          0.0104635,
          0.0237798,
          0.999664,
          -0.0776917
        ],
        [
          0,
          0,
          0,
          1
        ]
      ],
      "filename": "scan-20140827-13-31-gakusei-small/points.ply",
      "scan_id": "scan-20140827-13:31-gakusei-small"
    },
    {
      "affine": [
        [
          0.914694,
          -0.404149,
          -0.00088,
          1.65948
        ],
        [
          0.404149,
          0.914693,
          0.00110205,
          -1.66794
        ],
        [
          0.000359525,
          -0.00136367,
          1,
          -0.80833
        ],
        [
          0,
          0,
          0,
          1
        ]
      ],
      "filename": "scan-20140827-13-34-gakusei-small/points.ply",
      "scan_id": "scan-20140827-13:34-gakusei-small"
    },
    {
      "affine": [
        [
          -0.99306,
          -0.117015,
          -0.0118725,
          1.01274
        ],
        [
          0.116365,
          -0.992163,
          0.0455237,
          -2.04865
        ],
        [
          -0.0171064,
          0.0438263,
          0.998893,
          -0.743182
        ],
        [
          0,
          0,
          0,
          1
        ]
      ],
      "filename": "scan-20140827-13-38-gakusei-small/points.ply",
      "scan_id": "scan-20140827-13:38-gakusei-small"
    },
    {
      "affine": [
        [
          0.506838,
          -0.862033,
          0.00391896,
          0.0837091
        ],
        [
          0.861665,
          0.506745,
          0.0272572,
          -0.848707
        ],
        [
          -0.0254825,
          -0.0104381,
          0.999621,
          -0.796319
        ],
        [
          0,
          0,
          0,
          1
        ]
      ],
      "filename": "scan-20140827-13-42-gakusei-small/points.ply",
      "scan_id": "scan-20140827-13:42-gakusei-small"
    },
    {
      "affine": [
        [
          -0.919401,
          -0.392832,
          0.0196505,
          0.248985
        ],
        [
          0.392788,
          -0.919609,
          -0.00623206,
          -1.74722
        ],
        [
          0.0205189,
          0.00198874,
          0.999788,
          -0.827694
        ],
        [
          0,
          0,
          0,
          1
        ]
      ],
      "filename": "scan-20140827-13-45-gakusei-small/points.ply",
      "scan_id": "scan-20140827-13:45-gakusei-small"
    },
    {
      "affine": [
        [
          -0.928771,
          -0.370609,
          0.00585593,
          -1.85242
        ],
        [
          0.370631,
          -0.928776,
          0.00304871,
          -0.60087
        ],
        [
          0.00430896,
          0.00500193,
          0.999979,
          -0.78071
        ],
        [
          0,
          0,
          0,
          1
        ]
      ],
      "filename": "scan-20140827-13-49-gakusei-small/points.ply",
      "scan_id": "scan-20140827-13:49-gakusei-small"
    },
    {
      "affine": [
        [
          -0.61288,
          -0.790173,
          -0.00241092,
          -2.95427
        ],
        [
          0.790163,
          -0.612849,
          -0.00768778,
          -0.724083
        ],
        [
          0.00459715,
          -0.0066167,
          0.999968,
          -0.769267
        ],
        [
          0,
          0,
          0,
          1
        ]
      ],
      "filename": "scan-20140827-13-53-gakusei-small/points.ply",
      "scan_id": "scan-20140827-13:53-gakusei-small"
    },
    {
      "affine": [
        [
          -0.99906,
          -0.0433045,
          0.00172713,
          -3.8621
        ],
        [
          0.0431948,
          -0.998193,
          -0.0417591,
          -1.27785
        ],
        [
          0.00353236,
          -0.0416453,
          0.999126,
          -0.72333
        ],
        [
          0,
          0,
          0,
          1
        ]
      ],
      "filename": "scan-20140827-13-57-gakusei-small/points.ply",
      "scan_id": "scan-20140827-13:57-gakusei-small"
    }
  ],
  "align_to": "scan-20140827-13:26-gakusei-small"
}